["110001100", "110001101"]	0.042133297655674806
["01100011", "01100010"]	0.079088349625565144
["001110101", "001110100"]	0.042415495404584364
["001110100", "001110101"]	0.042415495404584364
["01110000", "01110001"]	0.021228364652015285
["110010000", "110010001"]	0.038725337989893534
["110010001", "110010000"]	0.038725337989893534
["01100010", "01100011"]	0.079088349625565144
["100000110", "100000111"]	0.13335886689487245
["100000111", "100000110"]	0.13335886689487245
["010111100", "010111101"]	0.04220964917906829
["010111101", "010111100"]	0.04220964917906829
["011110001", "011110000"]	0.010816931851251925
["011101010", "011101011"]	0.020622966086130651
["011101011", "011101010"]	0.020622966086130651
["011110000", "011110001"]	0.010816931851251925
["010011011", "010011010"]	0.033665342722160499
["010011010", "010011011"]	0.033665342722160499
["100010010", "100010011"]	0.38979169276214282
["100010011", "100010010"]	0.38979169276214282
["011010101", "011010100"]	0.25644295635781439
["011010100", "011010101"]	0.25644295635781439
["110001101", "110001100"]	0.042133297655674806
["100001100", "100001101"]	0.087625370945111955
["100001101", "100001100"]	0.087625370945111955
["001111100", "001111101"]	0.055389148596239689
["001111101", "001111100"]	0.055389148596239689
["100111010", "100111011"]	0.033091934634645569
["100111011", "100111010"]	0.033091934634645569
["01110001", "01110000"]	0.021228364652015285
["110100101", "110100100"]	0.011874973744384428
["110100100", "110100101"]	0.011874973744384428
